1   3,219937054
2   3,43353322
3   3,634630421
4   3,817430931
5   3,976664527
6   4,107740429
7   4,206879657
8   4,271223983
9   4,298918329
10  4,289164254
11  4,242242972
12  4,159507246
13  4,043342386
14  3,897097479
15  3,724988833
16  3,531978421
17  3,323630823
18  3,105952797
19  2,885220103
20  2,667796567
21  2,459950611
22  2,267674531
23  2,096511735
24  1,951396927
25  1,836513834
26  1,75517459
27  1,709724243
28  1,701473148
29  1,730659187
30  1,796440913
31  1,896921809
32  2,029204963
33  2,189476591
34  2,373115987
35  2,574828741
36  2,78879938
37  3,008859032
38  3,228663274
39  3,441875047
40  3,642347356
41  3,824300492
42  3,98248866
43  4,112351223
44  4,210144181
45  4,273048117
46  4,299249484
47  4,287992882
48  4,239602845
49  4,155474479
50  4,038033246
51  3,890665031
52  3,717618528
53  3,523882747
54  3,315043183
55  3,097120778
