     1   3.219937054 2
     2   3.43353322  2
     3   3.634630421 2
     4   3.817430931 3
     5   3.976664527 3
     6   4.107740429 3
     7   4.206879657 3
     8   4.271223983 3
     9   4.298918329 3
    10   4.289164254 3
    11   4.242242972 3
    12   4.159507246 3
    13   4.043342386 3
    14   3.897097479 2
    15   3.724988833 2
    16   3.531978421 2
    17   3.323630823 2
    18   3.105952797 2
    19   2.885220103 2
    20   2.667796567 2
    21   2.459950611 2
    22   2.267674531 2
    23   2.096511735 2
    24   1.951396927 1
    25   1.836513834 1
    26   1.75517459  1
    27   1.709724243 1
    28   1.701473148 1
    29   1.730659187 1
    30   1.796440913 1
    31   1.896921809 2
    32   2.029204963 2
    33   2.189476591 2
    34   2.373115987 2
    35   2.574828741 2
    36   2.78879938  2
    37   3.008859032 2
    38   3.228663274 2
    39   3.441875047 2
    40   3.642347356 2
    41   3.824300492 3
    42   3.98248866  3
    43   4.112351223 3
    44   4.210144181 3
    45   4.273048117 3
    46   4.299249484 3
    47   4.287992882 3
    48   4.239602845 3
    49   4.155474479 3
    50   4.038033246 3
    51   3.890665031 2
    52   3.717618528 2
    53   3.523882747 2
    54   3.315043183 2
    55   3.097120778 2
    56   3.219937054
    57   3.43353322
    58   3.634630421
    59   3.817430931
    60   3.976664527
    61   4.107740429
    62   4.206879657
    63   4.271223983
    64   4.298918329
    65   4.289164254
    66   4.242242972
    67   4.159507246
    68   4.043342386
    69   3.897097479
    70   3.724988833
    71   3.531978421
    72   3.323630823
    73   3.105952797
    74   2.885220103
    75   2.667796567
    76   2.459950611
    77   2.267674531
    78   2.096511735
    79   1.951396927
    80   1.836513834
    81   1.75517459
    82   1.709724243
    83   1.701473148
    84   1.730659187
    85   1.796440913
    86   1.896921809
    87   2.029204963
    88   2.189476591
    89   2.373115987
    90   2.574828741
    91   2.78879938
    92   3.008859032
    93   3.228663274
    94   3.441875047
    95   3.642347356
    96   3.824300492
    97   3.98248866
    98   4.112351223
    99   4.210144181
   100   4.273048117
   101   4.299249484
   102   4.287992882
   103   4.239602845
   104   4.155474479
   105   4.038033246
   106   3.890665031
   107   3.717618528
   108   3.523882747
   109   3.315043183
   110   3.097120778
